$ANSIBLE_VAULT;1.1;AES256
35643665383730656365366564313532306137306236323862313431386134643165386666386433
3335333731353234366663643936643632306137646132370a383863633366306536643562613534
39653038386532663966363431353465386636653865663331373030356335303861646666626136
3764396164373632340a373035623366323636343836633963383833303135336436306134376262
34653538633135393061613236316535643965343037303266346139353834646566656466633761
38323766306235343632623739663431386434363361623930626534646663313437326438303739
30663966636264656666396630393634313062343633613332353330386363323263343964346233
61396463646164636464343233353833303630353063623866646533306334323562663366626436
35396437363630653661653932663664663663393837396135613137623831656364643639383363
66663766376531346262333534393131336434303532303763356265656165616231643639633237
62663062616332656361333634623962653963626638363964353763393633626532613464633864
39356635613537356639633730383837376562646639373430303635346634333435616335663634
36623662326337353636343733653162343533666266376231303433643231653064316139376161
66373565356230613366313734613436356132386235303533373931333031663636333333333939
39336637643366663062353962366664663830383262363937636634313734643532313963353462
30643563613861356463363963646665343064636563396137313664303464353233623539643330
30393432336635656231326534363238383733666162383564306264653335323839366338653531
37333161646362363864346132396234393564356634643335303439336562356637343661363664
38656532616234356236356539393065613061663137663938386266313635356164333930653161
63393034366636623436383836393064643466383637386266663134333239396538303036616263
39393233666464616530316364386335366535663135626661323366313663306239353535623238
61653239323431366538306233373731656663616332373536386331646634356137396533353830
34323130353436363231613534343363306337313236613432343431343862376131346437643838
34363639323064386432643862363463336134353431373861323838636231643864323330363638
63326232396338353166613464313262663734353539333366356465666634386634313364346638
36346464333433613631353135303435336661633033336465613664343537626337323230363338
63663537356632313632313231306264343861636233323561656332656437386138633161383663
66663533613338363131613233343531336336613731616137303762633461346665633066353864
65646464356361626663376238623136313536313436376464623534643439303439343766646635
30373964663836373931643162333733636363633633666462643666653531343263396663613735
36623534376534393935663931636139376133633439623631323162663939343938316236666535
30363465383733326339613366306562623837336366393235343738623337653839376638303833
36613664303531626334343463633335383636663232383461666364633633626534613530343039
37353038653936643966303862633039386162636538643336393863373763336666343439353238
35666436346539313132633565653939386537353433633532316236343239386334663439663365
65633435616233663635363235666635383230363236373136623330356564306464643031396439
35613265353864643336666463343036663661363839613365646161363464663132303937333130
39663837313135626536326464333965366434393931326634323834323130326462633566313335
34313561663330396231623439306662626330393264373635653066613130333066643666643034
34353430393732633866376639333266396466643864373332653830636232346162656633396361
34623832383963356635656439363630316362353964303530316366363632313039383064313031
61316238383434663038646532653034356539623965343835356161343739346433636561353435
63636530333032363265313033356565303938386632313430363163343533636631373836613636
38623163636639323333326539333637623831623764303332306463313330376233633765623830
39313564343638626437616666336236383439373862616339383566333063376666383639643963
30393865383138636130366563303863303163313537346365623364643161633633366535623233
66333663343836326535333032356531666530323233336434373435363763333638333231656562
38383635663130663162633336646134343338343933326630313935663065336637636632353633
30663061653964313962646534323732346466643138626330616361326337316562613463316261
30666332356630653835356430376631323431356362353331343835323361656331633333323339
31633139363261303562393030336265643232393661663762666535316436383533336631323833
30396439656633333734666139326438333532613666643261616430646636623234396162663265
31663732653734373535623935313464363639376366633032376437633239666337653433623462
64353330346631643033393061383466323434666161326366363364643765653731376665623038
64613162383232343238383930636131636264633837616333333336616635623464336564316136
62333966343438383630633938633236643739613534313066613934636235353530663335623636
61666537313730313232333836623735613236616566333935613966326661623731383361383634
31343739306561323462333761623963616564306537663361393034623938313439323932336465
38323265623262383263616635393464343565613533616636336636633361613930383734383862
34633865313634393162376263653130613331303161383165336330643566323238333839666234
39623366333935303165613761343935343534333335373738333035656165373833663239356365
64336565653230383965653461323464653166303463346132303466663130356532356561653939
33303030313535663263333962366334393631373432306166646532393030663361303037393630
31303236346661383537383134353731656431623966323837303465646331333762313665383764
38303264306534633662356230303437326365323830623935313665643765396136346633346534
61396430666665376563393739663930393839376261326232646532373461376331376562333863
63653864653261633663656432383339663364383333343232643961613330336561313162333932
35626430376332346232656364343261623563633461333262613064613265356262303837303632
31366663666630316263303739656335633333366634623663376439363033333861376135386361
61363733386364326165633535333666653461643161616232666366343136323931623766396138
363762336136373338616331333863343933
