$ANSIBLE_VAULT;1.1;AES256
62343562646266623662316665383034323866636137386433323134633737326632343364623937
6466356466616432613665656436666139643536306237340a343631366233373861663033643339
36623930623334336633386566616637363661643363336363326632613639356165343766306263
6566663161373830650a396661356536356636303031653730323735393535393666636461366432
61323830393332363663393335323433333564313366303334653165616637363938656134393635
66353966316266386537623132333461633934336466323737393861303561393336643133326565
62646337363336643133633662336135303861313037663736343663353534326362373736356262
33643137653365376561343964396561343338333164623134333964353035353439346337383663
39363536356163353663396465336432643366303939393636343463346233356336376365356435
61356334393964636535343237613638323234306232633663653032323631353438633061633664
31376565343837613638623335356466613435393334383634323839393561313735643566303035
66616236663438616166323662303635346433353331393661303735333633653762363062393365
62336466316562653966663939393039316562613036386366343163376333666130643732383262
66323237383062373433366637656363653237663736653862356265316638323838396230623832
36366636626232666465646436303631346432666462396563343039313965316163393430373863
36363337306432633432383630343962343935353833653564663066333661376434623538656261
38356233626430653431306631326564623534306236623332643565376638616534666437333632
63333337616563633639646538613532623562396338656666353432333532666537383530313633
61656437356330363430313064326262343237313034353133646361386666666566656134383738
61366565633332383031323063646536313132666163316432643137376639643035653431666663
33306664356262323861636536663964376136383238653965656565636262373535613733326237
39353666613339306130356462313465656139666637613139303136643266626430626138393562
62643266366539616334376330393230636539626431306334663431363439346434653563646439
63383537623136643337313665636435613766313831653836656436646365613034653733353363
31343439396463343233633836383537356430383336636464633462373333333539346131666135
63363862363738616532313432383736333931353663623963313933636537376630666432623866
63623233323832363561313033386232333231393865376666373030666265393833376535313661
37663234633938626262333832656132313732396131343235633164653431326535646437336365
66626163363663643832656133306535393837323239633761303839653133353238623737383935
31663663616332333739613037613262646330376430316464616633373837303761336466636437
39633136313332636434353830303865366233343931656434613939383136623537313263643034
35306461646465326563303462613265333434343836393439613766333064626431646331396634
65316334326461666466646534383530663864386631663433663831336163363734343365643939
31323938623134346365363534343966356561353062396136353832353363326339656364373964
32356633646561353264653430383538623238376137356335633663386164303933663465623235
36343234353533373262653661663131306130353032613064626230663635646132376464356264
34633739323663306166373865333339646632306461326261636436653062333634313965353633
32616431393532346238663462343430343261383263643831663966653432333031663162356531
66633864333062353734376439303635346437303038363338636437393361383135333562653462
33663961373139623531323739343839353865376635323462636338646565396634343838343463
62636462633436626365646661643531636433613661336134306132353763363565666265363532
34616432666435303336326238636537366163363839626362393863633865306634626639306338
32353434333261313530663265663736646237636435393966613965633935356464393233313139
32636136386532383537663636616466653566636633393439383864663933373235383634323235
63366434353266323264626162636338613237343739336234333433303237386239346636663536
32653836643465653863363863343865343964373661656234666630356463616364343639303634
32636231366232376161356334643434666362643665613139366130386230373436333066396665
36373032393534646539383135666139643031306230323834323931353964323532333036663463
33386132396531653461363837303432353664623061626431363133343735656463363135313765
63633135346566366333633066363166326362656466353233336433333762313634663139356134
63363161633030623032373139333236343835366261363737316333383064353437333136623135
61626266396634366264363233666333303964623562353233663664366335343132623338613632
66343834363439373164373333366530663766633863666665386137353837613034343933326139
36613263643261613439383639343639393030616362616466633538326461646234326235373865
39333432333739636666343566383738303065356261323665326230363636346134383263666531
61323237376563353330333631646366643238396166336234646233363062393838363431353865
30323964363166323738333131383565333464376431386537343461623433393837363236643266
38316135643036303633313264393737643163323530353531316566323137333135303366383839
33633565393065393462663034653761663066356536613532653633636465646235643662323761
35343434333733393531366433653138366366333663323065666635396465373235653433656131
61393763366130303966303361616633393665306139663363643533313762353731613961356230
32333461653132383162326531376239313830613337656266333138636362616162326139346166
33643234303135626436323365333735313232343430363565643637656539663963356238633731
38623937373433366537613865396134366163383865333165663961666363636534646430396233
32636136323538616231303736363663663064623838323438653330656635333437323139393730
36313130663365336664313666323337343862656332623765626164303263363037303135666231
64343035663530383231616262633137316539363765383739343235383334343938643162313138
37303864656163386131393064666266326231636135613037353532303164393733313731663766
66643235666362323330636666393731333236366264616333633933653163623535393433376662
62303534303265353131336661636166386534633861663262376564316163326361356166353532
35366331363062336238613335656633323232626365303835633235623934383363616530383939
65383631623935306566613030353035646436643830646535376333633938313162636564383036
37663039663638643638303136336230313638323935643665666537376634383331663465636330
36613830336261303531623838613037613635323065393562323966643238333932653336356665
62653834666139666238626634636663666164383564383030333934396638613161393939616138
35306261626539613938313933396465616632623531363766333934366535363031653236656132
32663937316361333131323666333465623033346438363536656138653031643039393236383662
39386233666633646637333132373965383936646439636663326266393262383335303637356265
32306332646636653530613861346135333138396137643566303335656532393336396464663339
61616662373866613132393838343866616639613738316137633039363963303463316663393236
39616635393933303365353564646161356264333062663138363234326435646332636137643265
35366436366135623230396439333237633730656361356138613733313934633431636465663663
33373961613133663934323661383231303166396363383333386639643034623233626238633936
33663433383230653730653166633466343738333262643462356232613062343961613462356661
39646334613430303031396634333336353937343265663738336664353563656334353232643164
64333763316564383539623230623939643236373832303535313135383864333338313464313165
39613039636132303536353462626665306264613731613465623631396663363431313738363464
33636536666532623031633938303461363164346132336665616530376236303663333936323735
66616138383830333032306230643864396363633238336166363763666439366134613236636462
34613965383435326661346130393566333637333333636262343465633333383231646439313065
32623635393563376666343066643339346562653863353132306434356562333532646634613637
65383334376234616637313166356663333761353866356266343538376663373534653161323333
32303061306332666161356437313531323439363737326439666165326438353039393832386634
33393264306234613462643338333130336464613334636536613739323562313365323434346565
616334646336633162383133623830383336
